1 9.15 7.49
2 6.62 6.33
3 6.42 5.18
4 4.88 3.34
5 5.21 2.30
6 4.41 1.83
7 5.89 2.64
8 6.30 4.01
9 8.07 5.25
10 9.68 5.15
11 10.55 4.51
12 10.57 4.99
13 9.15 4.16
14 9.25 2.97
15 8.84 3.14
16 7.94 2.46
17 5.33 2.03
18 4.77 2.95
19 7.05 2.56
20 6.02 2.70
21 5.58 2.79
22 7.65 3.38
23 9.96 3.62
24 9.78 3.89
25 9.80 4.32
26 8.32 4.06
27 7.94 4.19
28 6.72 3.64
29 8.32 3.64
30 7.65 3.44
31 4.71 2.72
32 5.30 2.62
33 6.46 3.08
34 5.11 2.83
35 4.46 1.90
36 5.64 2.77
37 6.27 3.29
38 5.87 2.72
39 4.98 2.81
40 5.49 3.15
41 5.91 2.96
42 6.16 2.86
43 6.76 3.40
44 7.51 3.76
45 8.78 3.90
46 6.20 3.47
47 5.38 4.28
48 4.86 4.43
49 6.03 4.64
50 5.72 3.64
51 3.85 2.83
52 5.39 3.20
53 6.80 3.30
54 5.12 2.37
55 4.29 2.03
56 6.90 2.93
57 7.28 3.14
58 5.06 2.59
59 6.23 2.92
60 8.38 3.86
61 7.25 3.96
62 6.00 3.80
63 3.82 2.93
64 4.40 2.31
65 3.37 1.77
66 4.75 2.46
67 4.36 3.11
68 5.80 4.49
