1 9.86 8.91
2 7.63 7.44
3 6.39 6.40
4 5.01 4.39
5 4.44 3.11
6 3.65 2.10
7 3.85 2.34
8 4.16 3.43
9 5.71 4.16
10 6.71 5.00
11 6.45 5.63
12 5.83 5.03
13 4.74 4.16
14 4.65 3.94
15 4.66 3.51
16 3.92 2.46
17 3.39 2.28
18 4.10 2.41
19 4.50 2.25
20 4.38 1.86
21 4.48 2.09
22 5.93 2.77
23 6.39 2.68
24 6.33 2.60
25 6.50 3.02
26 5.83 2.76
27 5.81 3.19
28 5.30 3.49
29 5.14 3.20
30 4.65 2.82
31 4.22 2.62
32 3.78 2.98
33 3.73 2.59
34 4.10 2.16
35 3.88 3.01
36 4.07 2.90
37 4.75 2.60
38 5.84 3.20
39 4.62 3.26
40 4.08 3.07
41 4.48 2.15
42 4.66 2.12
43 4.49 2.88
44 4.90 3.25
45 6.50 3.45
46 5.59 3.06
47 6.50 3.50
48 6.32 3.18
49 6.29 3.22
50 5.61 2.66
51 4.43 2.04
52 4.43 2.20
53 4.80 2.29
54 4.03 1.52
55 3.19 1.37
56 4.04 2.10
57 4.85 2.00
58 4.02 1.82
59 3.93 2.62
60 5.40 3.05
61 5.91 2.89
62 5.41 3.27
63 4.40 2.74
64 3.92 2.85
65 2.95 2.24
66 3.47 2.78
67 3.76 2.94
68 5.18 3.85
