1 23.14 7.62
2 17.30 5.93
3 14.72 4.79
4 8.80 2.74
5 6.07 2.21
6 3.60 2.63
7 7.01 3.17
8 12.61 3.77
9 15.23 5.06
10 15.99 5.12
11 15.17 4.77
12 12.55 3.96
13 8.22 3.34
14 8.20 2.83
15 7.59 2.55
16 5.62 2.46
17 5.66 2.06
18 6.53 2.29
19 5.70 2.18
20 5.85 1.71
21 7.01 2.21
22 7.93 3.04
23 7.95 2.81
24 9.70 2.92
25 10.30 3.43
26 9.35 3.29
27 7.21 3.55
28 8.73 3.00
29 9.62 3.41
30 9.42 3.44
31 7.51 2.35
32 7.01 2.40
33 7.54 3.15
34 7.03 3.06
35 5.89 2.88
36 6.49 2.76
37 6.69 3.52
38 6.90 3.87
39 5.27 3.61
40 4.79 3.05
41 4.73 2.52
42 6.15 2.59
43 6.82 2.69
44 6.46 2.77
45 8.27 3.48
46 6.52 2.60
47 7.47 2.88
48 6.42 2.65
49 6.57 2.96
50 5.87 2.49
51 4.00 1.63
52 3.79 1.91
53 5.10 2.24
54 4.33 1.93
55 3.27 1.55
56 5.01 2.12
57 6.38 2.54
58 5.70 2.15
59 6.45 2.45
60 8.60 3.22
61 8.86 3.32
62 8.95 3.26
63 7.08 2.50
64 6.49 2.25
65 4.34 1.84
66 5.15 2.41
67 5.50 2.42
68 8.49 3.19
