1 27.69 8.47
2 23.34 7.25
3 19.25 6.22
4 14.00 4.19
5 10.48 3.11
6 6.28 1.89
7 4.61 2.66
8 8.21 3.20
9 11.64 4.19
10 16.61 5.37
11 21.14 6.29
12 20.70 5.39
13 16.70 4.04
14 15.99 3.96
15 13.04 3.62
16 8.06 2.54
17 6.86 1.84
18 6.89 2.00
19 4.85 2.37
20 6.80 2.73
21 5.79 2.80
22 7.18 3.71
23 7.81 3.84
24 6.95 3.36
25 6.73 3.65
26 5.41 3.04
27 4.60 3.44
28 4.45 3.41
29 4.05 3.28
30 4.39 2.84
31 4.05 2.43
32 3.64 2.43
33 4.63 2.66
34 4.88 2.64
35 4.24 2.78
36 4.92 2.67
37 6.52 3.45
38 6.30 3.71
39 4.44 3.38
40 3.89 3.04
41 5.02 2.81
42 6.11 2.91
43 7.03 3.11
44 7.57 3.46
45 9.72 4.28
46 8.53 3.39
47 9.55 3.72
48 8.37 3.29
49 7.19 3.39
50 6.63 3.02
51 4.72 1.95
52 3.67 2.25
53 4.65 2.41
54 4.08 1.90
55 2.96 1.85
56 4.76 2.56
57 6.78 2.86
58 6.65 2.60
59 7.56 3.09
60 9.80 3.98
61 10.62 4.20
62 11.07 4.27
63 8.43 3.13
64 8.02 2.85
65 5.61 2.12
66 6.62 2.61
67 6.14 2.60
68 8.99 3.36
