1 8.34 8.11
2 6.96 6.25
3 6.20 5.51
4 4.67 3.50
5 3.86 2.87
6 3.00 1.86
7 3.37 2.55
8 4.23 3.46
9 5.94 4.10
10 6.82 4.81
11 6.72 4.60
12 6.44 5.17
13 6.21 4.05
14 6.29 3.93
15 5.43 3.44
16 4.05 2.33
17 4.13 2.05
18 5.01 2.39
19 4.77 2.45
20 4.20 2.33
21 4.88 2.75
22 6.47 3.52
23 6.45 3.71
24 6.27 3.85
25 5.93 3.87
26 5.48 3.08
27 5.05 2.77
28 4.67 2.72
29 4.05 3.14
30 3.88 2.61
31 4.15 1.93
32 4.12 2.18
33 4.16 2.18
34 4.48 2.04
35 5.39 2.05
36 5.80 2.21
37 5.82 2.29
38 7.54 2.91
39 5.40 2.33
40 5.62 2.76
41 5.55 2.42
42 4.91 2.08
43 4.42 2.86
44 4.69 3.23
45 5.73 3.49
46 4.66 2.99
47 4.95 3.70
48 4.63 3.48
49 5.11 3.73
50 4.47 3.07
51 3.10 1.87
52 3.27 2.09
53 4.12 2.79
54 3.42 2.13
55 2.65 1.58
56 3.55 2.48
57 4.48 3.21
58 4.02 2.85
59 4.10 3.26
60 5.24 4.14
61 5.62 4.39
62 5.35 4.53
63 4.47 3.74
64 4.10 3.48
65 3.21 2.26
66 3.50 2.60
67 3.73 2.77
68 4.88 3.95
